6.534475684165954590e-01
6.920661330223083496e-01
7.773508429527282715e-01
6.636990904808044434e-01
4.788131415843963623e-01
5.311537384986877441e-01
3.338012397289276123e-01
1.887599974870681763e-01
1.118772700428962708e-01
6.116029247641563416e-02
9.442054666578769684e-03
1.057388633489608765e-02
6.798958056606352329e-04
3.785135777434334159e-05
1.249088236363604665e-04
9.569025860400870442e-05
3.708653093781322241e-05
1.909078309836331755e-05
3.335296787554398179e-05
1.010014748317189515e-04
1.427612824045354500e-05
8.529476872354280204e-06
2.137659794243518263e-05
2.228563062089961022e-05
1.888420115392364096e-06
4.627565431292168796e-06
4.958098543283995241e-06
2.330003496808785712e-07
9.027702617458999157e-06
5.554081781156128272e-07
5.711310677725123242e-06
2.988409050885820761e-06
1.381744709760823753e-07
4.053152679261984304e-06
4.876744696957757697e-08
9.807703236219822429e-07
1.398007839270576369e-06
7.206760983535787091e-07
1.124364416682510637e-06
1.165004732683883049e-06
3.901400020822620718e-07
7.504784207412740216e-07
2.384186927884002216e-07
3.576283518214040669e-07
8.263389190688030794e-07
1.165000611536015640e-07
4.741283419207320549e-07
3.061514064484072151e-07
3.359537004143930972e-07
2.736398130309680710e-07
3.169885474108014023e-07
2.221628250254070736e-07
1.842326611267708358e-07
9.211628082539391471e-08
1.625581802500164486e-07
7.586046990581962746e-08
9.211628793082127231e-08
1.110814054072761792e-07
1.706861070260856650e-07
6.773256444603248383e-08
5.689534887665104179e-08
8.398837536560677108e-08
8.940698847936801030e-08
3.793023495290981373e-08
2.438372170843194908e-08
4.063953440436307574e-08
5.147674997374451777e-08
3.793023495290981373e-08
5.689534887665104179e-08
2.167441870426500827e-08
2.980232594040899130e-08
2.980232594040899130e-08
1.625581269593112665e-08
3.793022784748245613e-08
8.127906347965563327e-09
1.625581269593112665e-08
1.625581269593112665e-08
0.000000000000000000e+00
8.127906347965563327e-09
2.709302115988521109e-09
5.418604231977042218e-09
8.127906347965563327e-09
0.000000000000000000e+00
0.000000000000000000e+00
1.083720935213250414e-08
1.354651057994260555e-08
1.625581269593112665e-08
0.000000000000000000e+00
0.000000000000000000e+00
0.000000000000000000e+00
0.000000000000000000e+00
8.127906347965563327e-09
0.000000000000000000e+00
0.000000000000000000e+00
0.000000000000000000e+00
0.000000000000000000e+00
0.000000000000000000e+00
0.000000000000000000e+00
0.000000000000000000e+00
0.000000000000000000e+00
0.000000000000000000e+00
0.000000000000000000e+00
0.000000000000000000e+00
0.000000000000000000e+00
0.000000000000000000e+00
0.000000000000000000e+00
0.000000000000000000e+00
0.000000000000000000e+00
0.000000000000000000e+00
0.000000000000000000e+00
0.000000000000000000e+00
0.000000000000000000e+00
0.000000000000000000e+00
0.000000000000000000e+00
0.000000000000000000e+00
0.000000000000000000e+00
0.000000000000000000e+00
0.000000000000000000e+00
0.000000000000000000e+00
0.000000000000000000e+00
0.000000000000000000e+00
0.000000000000000000e+00
0.000000000000000000e+00
0.000000000000000000e+00
0.000000000000000000e+00
0.000000000000000000e+00
0.000000000000000000e+00
0.000000000000000000e+00
0.000000000000000000e+00
0.000000000000000000e+00
0.000000000000000000e+00
0.000000000000000000e+00
0.000000000000000000e+00
0.000000000000000000e+00
0.000000000000000000e+00
0.000000000000000000e+00
0.000000000000000000e+00
0.000000000000000000e+00
0.000000000000000000e+00
0.000000000000000000e+00
0.000000000000000000e+00
0.000000000000000000e+00
0.000000000000000000e+00
0.000000000000000000e+00
0.000000000000000000e+00
0.000000000000000000e+00
0.000000000000000000e+00
0.000000000000000000e+00
0.000000000000000000e+00
