6.921556086336831948e-01
6.885148984561034746e-01
6.835274733073339881e-01
6.759963374567257155e-01
6.648785056661089543e-01
6.508690045343193953e-01
6.363650924786570240e-01
6.225718240037347861e-01
6.100741520312162880e-01
5.992177921166349508e-01
5.895820832083011886e-01
5.812733389472509726e-01
5.732543272147246904e-01
5.656039915378626715e-01
5.581081011001530756e-01
5.523012561538206411e-01
5.455128948835399338e-01
5.387672872339944741e-01
5.324499540701863598e-01
5.267023253497353785e-01
5.208317590833273503e-01
5.153506559218277161e-01
5.095816025801744864e-01
5.047940635850648450e-01
4.993912432148557845e-01
4.941861818752013580e-01
4.892424549819170410e-01
4.838961088826871926e-01
4.795873296486825033e-01
4.745339564802522059e-01
4.701509242656670695e-01
4.658440484254846026e-01
4.613001684159462323e-01
4.575538690338765146e-01
4.531551195546916766e-01
4.489875750801575194e-01
4.450587779989740311e-01
4.415068931489191106e-01
4.379511627399526041e-01
4.341109445874725137e-01
4.310753254387614808e-01
4.276654581181810744e-01
4.246193058259115638e-01
4.215873394390983186e-01
4.190935517939343713e-01
4.164920644172557807e-01
4.125467551545509148e-01
4.110146362634633510e-01
4.085462139963534911e-01
4.059537250142526421e-01
4.047618478677850740e-01
4.019503685959143202e-01
3.997738059098122076e-01
3.976259259109812261e-01
3.954890396498958460e-01
3.937459149490603605e-01
3.919929740553219633e-01
3.896827464702570243e-01
3.883030532519400335e-01
3.869510637640388717e-01
3.847959594562721519e-01
3.831941657015496272e-01
3.818988752732342395e-01
3.799920680963599362e-01
3.788611059787712620e-01
3.776511319723173110e-01
3.767430231469502955e-01
3.745550036571600461e-01
3.741819904455075396e-01
3.723695240738268408e-01
3.715086948673871903e-01
3.699806734425195587e-01
3.690224451617606927e-01
3.681470293428097396e-01
3.667477349534420394e-01
3.664408893946789481e-01
3.648349059419043749e-01
3.640152480788703127e-01
3.628610665623047127e-01
3.627973858496588710e-01
3.616760132295827046e-01
3.608445570014100490e-01
3.601285717781118056e-01
3.592116092618609091e-01
3.581320950629021671e-01
3.571386407901891435e-01
3.559895389452928938e-01
3.561012194761166150e-01
3.548883682743633194e-01
3.542594602463938203e-01
3.543428833733238692e-01
3.536501234459084597e-01
3.526999747018676468e-01
3.516545347975331137e-01
3.511057646494905038e-01
3.505922711291020177e-01
3.499429028887317550e-01
3.488844701605386400e-01
3.490657717413244154e-01
3.477860435631602298e-01
3.475276332048441996e-01
3.467524394887318562e-01
3.461529706467950107e-01
3.465414140461743342e-01
3.452213953174120831e-01
3.445408639467156808e-01
3.440567134257175308e-01
3.440125576480870806e-01
3.433546862472288130e-01
3.424480392893340941e-01
3.424338788076600748e-01
3.418726376588875349e-01
3.417485639523559215e-01
3.405501331198271253e-01
