4.924197503458268566e-01
3.427802616315427375e-01
2.945465201167697944e-01
2.700977019294743542e-01
2.423011521451279571e-01
2.065359036398442538e-01
1.564293737871950696e-01
1.015487749888716040e-01
5.243234281313399747e-02
2.558266601201933388e-02
6.709915135534132852e-03
1.810511859221840703e-03
3.690369588064001016e-04
1.640900911625778487e-04
8.727388230844473243e-05
6.224286897265830689e-05
4.687988479971865694e-05
3.632598466362265386e-05
2.892553484892035261e-05
2.339919242697618916e-05
1.916826224867106544e-05
1.577910687205635626e-05
1.311159288852930114e-05
1.099018053566522203e-05
9.103992921041628749e-06
7.700099993588081903e-06
6.583086233608163782e-06
5.559838388976364320e-06
4.717237640030139631e-06
4.052071083835807171e-06
3.473822287476677265e-06
2.976451168424876070e-06
2.567969334034762819e-06
2.205897032489088424e-06
1.911254710304497814e-06
1.649419859027311704e-06
1.424697158899068252e-06
1.231498157244954061e-06
1.066921010172882057e-06
9.236470510075229614e-07
7.963724749812017001e-07
6.955621494383770078e-07
5.923764858481804345e-07
5.151672667499876500e-07
4.472801791503351990e-07
3.859673743560361756e-07
3.393569008299174493e-07
2.935425207593056417e-07
2.548930903459692974e-07
2.253603194989197901e-07
1.943380912034969280e-07
1.707504077993224246e-07
1.500132926863026835e-07
1.313306308022016186e-07
1.161276997554354257e-07
1.019006339992982493e-07
8.980506323420191599e-08
8.048300128297776999e-08
7.213680249664776546e-08
6.305870647976596096e-08
5.653583268942506704e-08
5.023124470557610245e-08
4.459435229091414256e-08
3.992048328555798865e-08
3.559330231498550365e-08
3.166417103241041516e-08
2.854397838892164989e-08
2.562923080081883752e-08
2.284288617764866822e-08
2.024914620392742558e-08
1.875967192436249749e-08
1.652546021456814136e-08
1.513870825854145500e-08
1.343094895963800979e-08
1.219828047944759044e-08
1.081152852342091566e-08
9.707263104978767013e-09
8.782761814290670183e-09
7.691336753377725684e-09
6.728314529011402968e-09
5.868014804977128959e-09
4.982034410082873168e-09
4.404221177329984854e-09
3.839248192662528495e-09
3.415518431536536838e-09
2.901906647574936947e-09
2.491017212407843071e-09
2.157169554095615405e-09
1.682078625938782603e-09
1.682078653299729580e-09
1.348230973940620181e-09
1.104265382662456421e-09
8.859803612192404684e-10
7.318968264516981977e-10
7.062162439886202131e-10
3.595282702409398711e-10
3.723685667341992968e-10
2.953267940887075730e-10
2.568059088183057977e-10
3.081670905819669469e-10
2.054447270546446227e-10
1.797641361728140481e-10
1.284029544091528989e-10
1.540835452909834735e-10
5.136118176366115567e-11
5.136118176366115567e-11
7.704177264549173673e-11
0.000000000000000000e+00
1.027223635273223113e-10
0.000000000000000000e+00
7.704177264549173673e-11
0.000000000000000000e+00
2.568059088183057783e-11
5.136118176366115567e-11
0.000000000000000000e+00
2.568059088183057783e-11
0.000000000000000000e+00
2.568059088183057783e-11
2.568059088183057783e-11
2.568059088183057783e-11
2.568059088183057783e-11
0.000000000000000000e+00
0.000000000000000000e+00
0.000000000000000000e+00
0.000000000000000000e+00
0.000000000000000000e+00
0.000000000000000000e+00
0.000000000000000000e+00
0.000000000000000000e+00
0.000000000000000000e+00
0.000000000000000000e+00
0.000000000000000000e+00
0.000000000000000000e+00
0.000000000000000000e+00
0.000000000000000000e+00
0.000000000000000000e+00
0.000000000000000000e+00
6.864472334982663071e-02
7.430014058492938334e-02
5.861489749783055196e-03
1.938059302289982981e-03
2.510773244534578348e-03
2.081319540881530089e-04
3.035945973960886297e-03
2.206166391982914950e-04
5.730703019528058040e-05
3.030239921745263640e-05
2.064012410909416218e-05
1.499328519729600632e-05
1.133226832541930173e-05
8.800391934491665587e-06
6.963544898648224504e-06
5.599873353884629097e-06
4.560519329844220716e-06
3.765319500708636852e-06
3.122558721838361497e-06
2.615712220130072571e-06
2.214989815954700974e-06
1.879319066580471543e-06
1.604361983439768807e-06
1.384492605725309447e-06
1.193682092208325580e-06
1.033073002199803647e-06
9.041290210117174096e-07
7.879230015906267676e-07
6.896808661907102990e-07
6.063466456007382448e-07
5.333490204723778736e-07
4.716510125480223062e-07
4.160265350500154204e-07
3.702763661329123377e-07
3.280572878858016911e-07
2.915521968641417541e-07
2.588992220419621767e-07
2.303936884601466233e-07
2.063951199564627462e-07
1.838860350182281003e-07
1.648823615776645252e-07
1.473681703765967059e-07
1.322166001306455183e-07
1.183619045323867637e-07
1.062534924289765571e-07
9.512094567302209273e-08
8.545219576699252499e-08
7.686203095160916350e-08
6.947885672164007247e-08
6.260929413672307814e-08
5.644594945218437813e-08
