6.906744241714477539e-01
6.868227720260620117e-01
6.972367763519287109e-01
6.770182847976684570e-01
6.210811734199523926e-01
6.451435685157775879e-01
5.757722258567810059e-01
6.048303842544555664e-01
6.254882216453552246e-01
6.128416657447814941e-01
5.514442324638366699e-01
6.207315325736999512e-01
5.430425405502319336e-01
6.680913567543029785e-01
5.980476140975952148e-01
6.584525108337402344e-01
5.190398097038269043e-01
5.226932764053344727e-01
5.882022380828857422e-01
4.314813315868377686e-01
4.323506057262420654e-01
4.712069332599639893e-01
4.118365943431854248e-01
6.976400613784790039e-01
6.355008482933044434e-01
4.158738255500793457e-01
5.210402607917785645e-01
4.249062836170196533e-01
5.339242815971374512e-01
3.536859750747680664e-01
5.731683969497680664e-01
4.344053566455841064e-01
4.131106138229370117e-01
5.168383717536926270e-01
4.313235580921173096e-01
3.809242248535156250e-01
4.487257003784179688e-01
4.463753700256347656e-01
6.278340816497802734e-01
3.011420965194702148e-01
6.480008959770202637e-01
3.887039422988891602e-01
2.592921257019042969e-01
5.179253220558166504e-01
3.938525319099426270e-01
2.765475809574127197e-01
3.711461126804351807e-01
5.499087572097778320e-01
5.700695514678955078e-01
3.162118494510650635e-01
4.600956737995147705e-01
3.130607306957244873e-01
3.721084892749786377e-01
6.289044022560119629e-01
3.362681567668914795e-01
3.533079326152801514e-01
3.017449975013732910e-01
4.658817946910858154e-01
3.767026662826538086e-01
3.730054199695587158e-01
3.659525215625762939e-01
5.130819678306579590e-01
5.855114459991455078e-01
2.915236949920654297e-01
3.363739252090454102e-01
3.153554201126098633e-01
2.702070772647857666e-01
4.364527761936187744e-01
2.982873618602752686e-01
2.978308498859405518e-01
2.799594998359680176e-01
5.738663673400878906e-01
3.585672974586486816e-01
4.559540450572967529e-01
2.596976459026336670e-01
1.363535821437835693e-01
2.994004189968109131e-01
4.400429427623748779e-01
1.515166759490966797e-01
2.765442430973052979e-01
2.995499670505523682e-01
5.533136129379272461e-01
2.111304402351379395e-01
5.890336632728576660e-01
3.307091295719146729e-01
3.801507055759429932e-01
1.476881504058837891e-01
3.781862556934356689e-01
3.509762883186340332e-01
4.364943504333496094e-01
2.520749270915985107e-01
3.846136331558227539e-01
2.837938964366912842e-01
2.563325166702270508e-01
5.105952620506286621e-01
2.985635399818420410e-01
5.246652960777282715e-01
4.757868051528930664e-01
5.521700382232666016e-01
3.029383420944213867e-01
3.375637829303741455e-01
2.583214938640594482e-01
3.523626625537872314e-01
4.678513407707214355e-01
4.748199284076690674e-01
1.511507779359817505e-01
4.735898971557617188e-01
6.711192131042480469e-01
3.632829487323760986e-01
3.570735752582550049e-01
2.968212366104125977e-01
4.858066737651824951e-01
3.840038180351257324e-01
3.385583162307739258e-01
