7.517807483673095703e-01
2.967788875102996826e-01
2.020578980445861816e-01
2.088155895471572876e-01
3.637798130512237549e-01
3.111165761947631836e-01
1.438860297203063965e-01
1.244995370507240295e-01
1.086158454418182373e-01
2.438977546989917755e-02
4.485281242523342371e-04
3.155471640639007092e-04
8.893944323062896729e-05
1.409536635037511587e-04
1.389057288179174066e-04
9.927250175678636879e-06
1.162353510153479874e-05
1.064295702235540375e-05
8.375865581911057234e-05
4.009783083347429056e-07
1.059435544448206201e-05
4.188648290437413380e-06
1.321447416557930410e-05
2.736432179517578334e-06
3.215978495063609444e-06
1.400014662067405879e-05
1.146075283031677827e-05
5.565098035731352866e-06
4.811817234440241009e-06
6.583616141142556444e-07
1.371593043586472049e-05
2.964001623695367016e-06
8.019560482352972031e-07
2.487172650944557972e-06
1.346528847534500528e-06
2.053692696790676564e-06
1.351949777017580345e-06
7.613165280417888425e-07
1.162298872259270865e-06
8.805261586530832574e-07
1.449481601412117016e-06
1.565985144225123804e-06
9.482560159312924952e-08
3.332445999149058480e-07
1.357366045340313576e-06
3.332445146497775568e-07
1.056628633477885160e-07
1.679770207374531310e-07
4.118143976938881679e-07
2.140350403578850091e-07
1.761047627724110498e-07
4.118146250675636111e-07
3.793029463849961758e-07
2.709303714709676569e-07
1.354651146812102525e-08
2.411280490832723444e-07
6.502329341628865222e-08
7.586047701124698506e-08
7.856977646270024707e-08
1.517209540224939701e-07
1.896511747645490686e-08
3.251162894457593211e-08
1.354651146812102525e-08
1.896511747645490686e-08
7.856977646270024707e-08
5.418605653062513738e-08
7.315118466522108065e-08
1.896511747645490686e-08
2.709302293624205049e-08
2.438372170843194908e-08
5.418604231977042218e-09
5.147676063188555418e-08
0.000000000000000000e+00
1.354651146812102525e-08
2.438371815571827028e-08
0.000000000000000000e+00
1.083720935213250414e-08
1.354651146812102525e-08
1.083720935213250414e-08
1.625581447228796605e-08
0.000000000000000000e+00
5.418604676066252068e-09
1.896511747645490686e-08
2.709302115988521109e-09
0.000000000000000000e+00
0.000000000000000000e+00
0.000000000000000000e+00
0.000000000000000000e+00
5.418604676066252068e-09
1.083720935213250414e-08
0.000000000000000000e+00
0.000000000000000000e+00
0.000000000000000000e+00
0.000000000000000000e+00
0.000000000000000000e+00
0.000000000000000000e+00
0.000000000000000000e+00
2.709302115988521109e-09
0.000000000000000000e+00
0.000000000000000000e+00
0.000000000000000000e+00
0.000000000000000000e+00
0.000000000000000000e+00
0.000000000000000000e+00
0.000000000000000000e+00
0.000000000000000000e+00
0.000000000000000000e+00
0.000000000000000000e+00
0.000000000000000000e+00
0.000000000000000000e+00
0.000000000000000000e+00
0.000000000000000000e+00
0.000000000000000000e+00
0.000000000000000000e+00
0.000000000000000000e+00
0.000000000000000000e+00
0.000000000000000000e+00
0.000000000000000000e+00
0.000000000000000000e+00
0.000000000000000000e+00
0.000000000000000000e+00
0.000000000000000000e+00
0.000000000000000000e+00
0.000000000000000000e+00
0.000000000000000000e+00
0.000000000000000000e+00
0.000000000000000000e+00
0.000000000000000000e+00
0.000000000000000000e+00
0.000000000000000000e+00
0.000000000000000000e+00
0.000000000000000000e+00
0.000000000000000000e+00
0.000000000000000000e+00
0.000000000000000000e+00
0.000000000000000000e+00
0.000000000000000000e+00
6.898850947618484497e-02
6.628905981779098511e-02
2.431055298075079918e-03
7.637030910700559616e-03
2.590796211734414101e-04
6.950960232643410563e-05
6.168308027554303408e-05
9.631743305362761021e-04
1.119295211537973955e-05
4.842970520257949829e-05
7.626968454133020714e-06
1.977065403480082750e-05
1.796284436750283930e-06
8.325940143549814820e-06
1.413776772096753120e-05
1.977806505237822421e-06
5.827904260513605550e-06
3.793036000843130751e-07
2.278543888678541407e-06
4.568062649923376739e-06
1.083733764062344562e-06
1.452191554562887177e-06
4.570645614876411855e-06
1.135201728175161406e-06
2.546782070567132905e-06
3.346017138028400950e-06
4.985121790923585650e-07
2.113258830149788992e-07
6.773257155145984143e-08
7.721526458226435352e-07
3.305353573068714468e-07
1.243576548404234927e-06
1.544302961065113777e-07
4.687107093559461646e-07
6.123034950178407598e-07
4.118146250675636111e-07
4.849659944738959894e-07
2.980232949312267010e-08
5.283144446366350166e-07
1.761047343507016194e-07
1.110814480398403248e-07
1.056628207152243704e-07
2.357094075478016748e-07
1.083721556938144204e-07
1.706861354477950954e-07
1.598488807985631865e-07
1.002442360231725615e-07
1.083721627992417780e-07
6.231395843769860221e-08
1.083721130612502748e-07
5.418606008333881618e-08
