3.205237686634063721e-01
3.558355569839477539e-01
2.600749731063842773e-01
3.506935238838195801e-01
2.299322634935379028e-01
2.891313135623931885e-01
1.059220507740974426e-01
2.447327971458435059e-01
2.423914968967437744e-01
1.033970639109611511e-01
3.458927869796752930e-01
1.298979818820953369e-01
2.394225597381591797e-01
6.659790873527526855e-02
1.179752796888351440e-01
4.455351456999778748e-02
8.406749367713928223e-02
2.156595513224601746e-02
8.990010619163513184e-02
8.578255772590637207e-03
3.251578658819198608e-02
1.300892326980829239e-02
2.137062372639775276e-03
2.264472190290689468e-03
9.595895186066627502e-03
2.187614329159259796e-03
2.180389128625392914e-03
6.022607558406889439e-04
5.082715651951730251e-04
7.592086330987513065e-04
4.912670119665563107e-04
1.010241801850497723e-03
5.137398838996887207e-04
1.851942797657102346e-04
2.251272526336833835e-04
2.158707502530887723e-04
2.370370930293574929e-04
1.842670026235282421e-04
2.482380368746817112e-04
5.735659215133637190e-05
6.594799924641847610e-05
1.024383309413678944e-04
6.836087413830682635e-05
6.495015986729413271e-05
4.051416544825769961e-05
8.079056715359911323e-05
1.096012783818878233e-04
4.725870894617401063e-05
6.945061613805592060e-05
4.599914245773106813e-05
3.067047146032564342e-05
1.086502379621379077e-05
8.380183317058254033e-06
7.377605470537673682e-06
2.483249591023195535e-05
1.789054840628523380e-05
7.672914762224536389e-06
6.440222477976931259e-06
7.938276667118771002e-07
9.060127013071905822e-06
8.206982784031424671e-06
1.622672061785124242e-05
1.230085945280734450e-05
1.254703875019913539e-05
1.263377998839132488e-05
1.256871564692119136e-05
5.191110176383517683e-06
2.129524773408775218e-06
2.270415052407770418e-06
1.286922383769706357e-06
3.405613824725151062e-06
1.641854282752319705e-06
1.530765416646318045e-06
1.758365328896616120e-06
1.530770418867177796e-06
5.418604942519777978e-08
1.836916339925664943e-06
5.608271749224513769e-07
9.834798220254015177e-07
1.254412950402183924e-06
1.024118660097883549e-06
9.888973409033496864e-07
5.174774173610785510e-07
1.454900484532117844e-06
3.522098097619164037e-07
6.664892566732305568e-07
3.820120753061928554e-07
5.987565145915141329e-07
4.145236687236319995e-07
2.330002075723314192e-07
2.113256414304487407e-07
8.940699558479536790e-08
2.357094359695111052e-07
8.398839668188884389e-08
1.652674654906149954e-07
9.482560159312924952e-08
9.482559448770189192e-08
5.418604942519777978e-08
5.147674997374451777e-08
4.876744696957757697e-08
1.002442076014631311e-07
5.689535242936472059e-08
7.586047701124698506e-08
5.689534887665104179e-08
7.315117755979372305e-08
4.605814396541063616e-08
2.167441870426500827e-08
1.354651146812102525e-08
6.231395843769860221e-08
2.167441870426500827e-08
3.793023495290981373e-08
3.251162894457593211e-08
2.709302115988521109e-09
5.418604231977042218e-09
8.127906347965563327e-09
0.000000000000000000e+00
1.354651057994260555e-08
1.625581447228796605e-08
2.709302115988521109e-09
2.709302115988521109e-09
1.354651146812102525e-08
5.418604676066252068e-09
2.709302115988521109e-09
0.000000000000000000e+00
5.418604676066252068e-09
5.418604231977042218e-09
2.709302115988521109e-09
0.000000000000000000e+00
5.418604676066252068e-09
2.709302115988521109e-09
0.000000000000000000e+00
0.000000000000000000e+00
0.000000000000000000e+00
0.000000000000000000e+00
0.000000000000000000e+00
0.000000000000000000e+00
0.000000000000000000e+00
0.000000000000000000e+00
0.000000000000000000e+00
0.000000000000000000e+00
0.000000000000000000e+00
0.000000000000000000e+00
5.418604676066252068e-09
0.000000000000000000e+00
0.000000000000000000e+00
0.000000000000000000e+00
0.000000000000000000e+00
0.000000000000000000e+00
0.000000000000000000e+00
0.000000000000000000e+00
0.000000000000000000e+00
0.000000000000000000e+00
0.000000000000000000e+00
4.405103921890258789e-01
2.262829802930355072e-03
1.780541060725226998e-04
4.166746221017092466e-04
2.128591731889173388e-04
9.206918184645473957e-05
1.265280297957360744e-04
6.533636042149737477e-05
1.952774473465979099e-04
1.066771146724931896e-04
1.010053529171273112e-04
1.609993196325376630e-04
7.100305811036378145e-05
6.902436143718659878e-05
2.413829352008178830e-04
1.593685738043859601e-05
5.037587834522128105e-05
3.551035115378908813e-05
3.723227200680412352e-05
2.730685991991776973e-05
7.583934802823932841e-06
5.280907862470485270e-05
1.240865799445600715e-06
5.573313501372467726e-06
1.663525836193002760e-06
2.812321099554537795e-06
7.624171757925068960e-06
3.153669922539847903e-06
1.625599793442233931e-06
7.821987310308031738e-06
5.529849659069441259e-06
1.187519592349417508e-05
1.040933875628979877e-05
3.782235353355645202e-06
5.743752353737363592e-07
2.189133283536648378e-06
1.750222622831643093e-06
1.882978153844305780e-06
9.943202030626707710e-07
9.292987783737771679e-07
5.445706960927054752e-07
1.089145030164218042e-06
3.703672746269148774e-06
1.926329787238501012e-06
1.064761136149172671e-06
1.468449340791266877e-06
2.806869588312110864e-06
1.918191401273361407e-06
9.997399956773733720e-07
7.884092951826460194e-07
2.067208697553724051e-06
4.822563255402201321e-07
6.068852940188662615e-07
4.605814396541063616e-08
5.391522677200555336e-07
6.366872185026295483e-07
4.361981211786769563e-07
1.381744851869370905e-07
2.980235365157568594e-07
5.093493768981716130e-07
8.398843220902563189e-08
3.196980458142206771e-07
3.251168720908026444e-07
2.655118578331894241e-07
4.334889069923519855e-07
1.083721201666776324e-07
2.275814523500230280e-07
1.273372589594146120e-07
2.438372170843194908e-08
1.165000682590289216e-07
2.330001649397672736e-07
1.625581447228796605e-08
9.211628793082127231e-08
1.571395955579646397e-07
