5.808508732307576805e-01
3.694965895883277063e-01
3.218946181131763229e-01
2.951114701363148352e-01
2.863316125991220429e-01
2.676627659084391264e-01
2.478797661749673475e-01
2.368322555240577887e-01
2.204934474063144911e-01
2.076801627662509808e-01
1.898738893004953410e-01
1.679685890709900764e-01
1.502473081563604207e-01
1.285831698070840357e-01
1.081069867342921986e-01
9.035975666566631315e-02
7.357678634348498170e-02
5.356592842558689782e-02
4.830707176213296095e-02
2.893524664129745044e-02
1.784733261182568781e-02
1.116608686373300220e-02
8.658874438831723128e-03
8.207305370439925071e-03
3.831865347414807697e-03
3.288838133993569803e-03
1.827011812548374418e-03
1.193188601223805524e-03
9.611444293372518790e-04
7.326245570753399296e-04
6.701953813902756466e-04
5.179216965551041406e-04
4.239648298685376395e-04
3.596340294922049084e-04
3.027263249079097281e-04
2.700573574583752163e-04
2.260371928240650691e-04
1.901264446020629450e-04
1.668027394098920042e-04
1.401336966845223228e-04
1.217293002342359503e-04
1.086591682528985700e-04
9.395369539061207713e-05
7.875868407456214013e-05
6.952612906931931731e-05
6.050306368301335751e-05
5.215580535973653252e-05
4.655192056036121787e-05
3.931859243539077581e-05
3.540141694744278070e-05
3.032346888367919185e-05
2.653952674444084528e-05
2.394784954876696655e-05
2.107800177676732219e-05
1.816384726723657301e-05
1.554097317698268448e-05
1.478758735318167317e-05
1.187289169388242422e-05
1.048081171841883073e-05
9.207258794829450396e-06
8.194130599366827698e-06
7.111501881739048059e-06
6.289733623579500762e-06
5.475979760532754097e-06
4.930027119737087256e-06
4.474256110439298300e-06
3.795315805699875323e-06
3.313301534052120434e-06
2.900001957221108190e-06
2.616891617162980010e-06
2.275192346283688930e-06
2.047465654984837175e-06
1.850865086820426707e-06
1.619877875631684606e-06
1.398148812982480121e-06
1.237951640134687090e-06
1.113489573143931425e-06
9.834933327682156225e-07
8.654258287440133009e-07
7.719864910360318247e-07
6.837089211248109162e-07
6.086184650936654825e-07
5.412452458373612229e-07
4.986153079595742150e-07
4.202506648268906570e-07
3.723305575722942192e-07
3.456740226297737899e-07
2.875458506709559581e-07
2.659099300350366056e-07
2.355682591215212447e-07
2.081798532654704206e-07
1.837190521504631564e-07
1.620831317039659937e-07
1.488319333768211494e-07
1.317928426612993778e-07
1.168082046969320336e-07
1.036468932776042064e-07
9.270695637599274725e-08
8.402691098158990767e-08
7.317685487999009315e-08
6.602480775062835423e-08
5.811518338914559388e-08
5.337711364848749970e-08
4.729081177841488667e-08
4.259126288303809917e-08
3.782751210319950612e-08
3.342329017449585527e-08
2.973812473155214906e-08
2.647668947277680253e-08
2.392147049797912731e-08
2.155885612001320823e-08
1.872115039505749755e-08
1.664102256940893247e-08
1.477917963681758460e-08
1.334106662530853039e-08
1.149206408392141895e-08
1.011815237808487102e-08
9.232172058959382442e-09
7.896781291010435300e-09
6.920918888013386317e-09
5.880854998340668201e-09
4.969194096752110423e-09
4.429901705071172089e-09
3.762206392656089174e-09
2.914746939858820232e-09
2.298412794474587560e-09
1.990245718625437775e-09
1.489474226947720549e-09
1.399592159913658297e-09
1.014383319837769481e-09
9.758624345673679645e-10
6.034938762519217748e-10
5.264521099204944676e-10
5.521326986976368689e-10
4.750909302615215952e-10
2.824864975954481990e-10
3.210073849705380959e-10
1.540835452909834735e-10
1.284029544091528989e-10
1.027223635273223113e-10
2.054447270546446227e-10
1.669238396795546482e-10
1.155626579158934990e-10
6.420147615223234983e-11
8.988206703406292443e-11
5.136118176366115567e-11
7.704177264549173673e-11
0.000000000000000000e+00
0.000000000000000000e+00
1.027223635273223113e-10
2.568059088183057783e-11
7.704177264549173673e-11
0.000000000000000000e+00
8.854856066025984518e-02
1.922100725607456262e-02
1.884693095890161048e-03
5.211384101131611877e-04
2.743918870911970717e-04
2.132920927661004012e-04
1.719590440597177727e-04
1.422682286055796167e-04
1.196646191582361271e-04
1.011586851062761363e-04
8.713682750815233383e-05
7.577141269540456001e-05
6.459649526755024073e-05
5.567587143363527898e-05
4.880553192120387211e-05
4.304032737331801037e-05
3.754229347175051633e-05
3.281300124543282630e-05
2.917391147089666971e-05
2.567946194068569768e-05
2.278009361912564765e-05
2.016462323395414526e-05
1.787798961633410219e-05
1.587793092624326173e-05
1.396903055639173483e-05
1.247060820667045452e-05
1.114547694548224293e-05
9.918709223408824372e-06
8.773864945810176184e-06
7.846992762222485278e-06
7.025078767942565173e-06
6.246811591024675200e-06
5.595116163821998347e-06
5.031932544128807822e-06
4.541357705857906775e-06
4.102507825085859507e-06
3.622644191525944516e-06
3.273532304192355205e-06
2.942009567521324674e-06
2.662096252563880690e-06
2.387847351321766810e-06
2.135105527769780511e-06
1.921837083702291020e-06
1.731514840799347010e-06
1.562136044953056624e-06
1.400692472803433407e-06
1.261155316696738386e-06
1.126972627985054094e-06
1.029886195240355850e-06
9.309124465365344863e-07
8.389109269080002181e-07
7.488098913802573576e-07
6.704322401085110894e-07
6.097743640826177291e-07
5.594915272478417043e-07
5.018126516574334625e-07
4.510804174481576320e-07
4.063061470505005172e-07
3.656408052204309995e-07
3.330135114142801282e-07
2.997185340061990791e-07
2.700959051992144050e-07
2.465724315826057197e-07
2.207762322532629428e-07
1.993328967921125971e-07
1.803292292930839180e-07
1.628535648388430819e-07
1.481899288188273150e-07
1.338601403203189165e-07
1.207501905247393662e-07
1.098230865910968049e-07
9.854929800911384977e-08
9.054978957903863377e-08
8.094524208995683685e-08
