6.598257380074237233e-01
6.213475804758296084e-01
5.963348509011110465e-01
5.796289623348631626e-01
5.452518985734731150e-01
4.769928046453620896e-01
3.766271406299129820e-01
2.334250303170693486e-01
1.117941051792194634e-01
4.412163258530201609e-02
2.145441697901599720e-02
8.383481508368898980e-03
4.179759376681269414e-03
1.141319100795056994e-03
2.993544771801446755e-04
1.491589004087141249e-04
9.435223104254419403e-05
6.672995325343823909e-05
4.913446767648434562e-05
3.697802320204566942e-05
2.855005318432871913e-05
2.184163294377092194e-05
1.708652964826180157e-05
1.355569679893609434e-05
1.093461187189263959e-05
8.824945091202206432e-06
7.308998463810028471e-06
6.080259908542228018e-06
5.059398705438320984e-06
4.191053904496077615e-06
3.541260634343499823e-06
2.977791794225872540e-06
2.511030307445798213e-06
2.150053867351205282e-06
1.833919467538763696e-06
1.572550164988053605e-06
1.347623255207990841e-06
1.166418489058621678e-06
1.010959406131236807e-06
8.765717853103550260e-07
7.577081763074774871e-07
6.621886190031273471e-07
5.802157331021551082e-07
5.104797870691168006e-07
4.451480697103079815e-07
3.930548234986178174e-07
3.459693239718682391e-07
3.062156827167591791e-07
2.706865004791099524e-07
2.394460026990522079e-07
2.132902830783410651e-07
1.904088427613485804e-07
1.688884842129745285e-07
1.506424058249271277e-07
1.342710148837592333e-07
1.193120572029892735e-07
1.068056012184162653e-07
9.524933001777818999e-08
8.561910309960245569e-08
7.636124654345998880e-08
6.915783803659858396e-08
6.135093598602595222e-08
5.507203024102964543e-08
4.964058445395584073e-08
4.462002813993348332e-08
4.045977183618299398e-08
3.606839037445228969e-08
3.237038486232169475e-08
2.891634525296308407e-08
2.586035486646583353e-08
2.311253140848958235e-08
2.044174991679013195e-08
1.854138604420649833e-08
1.667954322316362251e-08
1.494610327444706918e-08
1.298153811302845203e-08
1.142786246465039748e-08
1.029791648479204834e-08
8.692879618870622015e-09
7.729857485005891890e-09
6.741154785515583895e-09
5.636889411271878306e-09
5.213159715391220333e-09
4.301498794860468065e-09
3.749366102476893338e-09
3.184393132542256571e-09
2.786344000182485710e-09
2.041606913017228171e-09
1.476633936768526161e-09
1.284029525149334860e-09
8.859803717426815419e-10
8.731400773541102896e-10
6.163341790592456171e-10
5.778132916841557202e-10
6.420147699410761917e-10
3.852088611227704974e-10
3.723685667341992968e-10
2.953267940887075213e-10
3.210073849705380959e-10
2.696462032068769983e-10
1.540835452909834735e-10
1.027223635273223113e-10
1.027223635273223113e-10
5.136118176366115567e-11
1.027223635273223113e-10
7.704177264549173673e-11
0.000000000000000000e+00
2.568059088183057783e-11
5.136118176366115567e-11
1.027223635273223113e-10
2.568059088183057783e-11
0.000000000000000000e+00
2.568059088183057783e-11
5.136118176366115567e-11
2.568059088183057783e-11
0.000000000000000000e+00
2.568059088183057783e-11
5.136118176366115567e-11
0.000000000000000000e+00
2.568059088183057783e-11
0.000000000000000000e+00
0.000000000000000000e+00
2.568059088183057783e-11
0.000000000000000000e+00
0.000000000000000000e+00
0.000000000000000000e+00
0.000000000000000000e+00
2.568059088183057783e-11
0.000000000000000000e+00
0.000000000000000000e+00
0.000000000000000000e+00
0.000000000000000000e+00
0.000000000000000000e+00
0.000000000000000000e+00
2.568059088183057783e-11
0.000000000000000000e+00
0.000000000000000000e+00
0.000000000000000000e+00
2.568059088183057783e-11
0.000000000000000000e+00
0.000000000000000000e+00
0.000000000000000000e+00
0.000000000000000000e+00
0.000000000000000000e+00
0.000000000000000000e+00
2.568059088183057783e-11
6.420147615223234983e-11
0.000000000000000000e+00
0.000000000000000000e+00
