6.896959466956803508e-01
6.892956204323970049e-01
6.915759452711344180e-01
6.919340135361907729e-01
6.915476449292982108e-01
6.917618888814300870e-01
6.917778965421196302e-01
6.917456348925403731e-01
6.916722937782791014e-01
6.915606288548328262e-01
6.916116896963806493e-01
6.916438389163446221e-01
6.916596287799674503e-01
6.915805054501900084e-01
6.916254428325666614e-01
6.916213176826728759e-01
6.915827551724217370e-01
6.915865085701246029e-01
6.915608025840106476e-01
6.915339118496501847e-01
6.915478850427960733e-01
6.915613039974918275e-01
6.915277618367523527e-01
6.916015800706581951e-01
6.915611243360977323e-01
6.915557325168807390e-01
6.915575426901681144e-01
6.915546070907921949e-01
6.915978574639811693e-01
6.915687020356057202e-01
6.915351107222211802e-01
6.915806650550444523e-01
6.915892263724335853e-01
6.915488728979752864e-01
6.915241327330964305e-01
6.915440980292044681e-01
6.915530096298145857e-01
6.915304008253378987e-01
6.915394745731808790e-01
6.915808707051932513e-01
6.915169524920495858e-01
6.915440740178546708e-01
6.915227796229144186e-01
6.915115476784554627e-01
6.915406545191580268e-01
6.915251722832995718e-01
6.915264527944594564e-01
6.915099798785563356e-01
6.915260971439957105e-01
6.915344601558850446e-01
6.915007400286707906e-01
6.915261508164247672e-01
6.915095109510199789e-01
6.915121024818779993e-01
6.915367045108739008e-01
6.915107329874811137e-01
6.915040115044580604e-01
6.915106934393754345e-01
6.915138807341955074e-01
6.915065278939163118e-01
6.915248191752140228e-01
6.915220601298793790e-01
6.915211496759926524e-01
6.915017290137953632e-01
6.915054222418797192e-01
6.915121821430623150e-01
6.915270711573382467e-01
6.915202770752927330e-01
6.915236372518313024e-01
6.915098623641865450e-01
6.915143027689780730e-01
6.915084298753065850e-01
6.915199047581281899e-01
6.915068685725968001e-01
6.914968682691381430e-01
6.915292626873578152e-01
6.915108702759041881e-01
6.915114982433225865e-01
6.915145327129631481e-01
6.915107863774230257e-01
6.915055177223058402e-01
6.915075103818517643e-01
6.915100338334720931e-01
6.915137248016650640e-01
6.915180637938149744e-01
6.915163335641982822e-01
6.915340785166662618e-01
6.915154411894455233e-01
6.915018309914107153e-01
6.915229671939286948e-01
6.915121084140933849e-01
6.915131109585695990e-01
6.915119366623218022e-01
6.915138637850071213e-01
6.915090685772103951e-01
6.915194098418360191e-01
6.915066609450428725e-01
6.915300454573609645e-01
6.915525881600043112e-01
6.915138931635992359e-01
