7.198107242584228516e-01
6.887887120246887207e-01
7.066129446029663086e-01
6.938943266868591309e-01
6.935849189758300781e-01
6.869350075721740723e-01
6.897261738777160645e-01
6.898599267005920410e-01
6.898984313011169434e-01
7.064489722251892090e-01
7.076812386512756348e-01
6.899927854537963867e-01
6.896665096282958984e-01
6.993396878242492676e-01
7.367923259735107422e-01
6.799202561378479004e-01
6.896147131919860840e-01
6.855198144912719727e-01
7.047720551490783691e-01
6.749423742294311523e-01
6.947336792945861816e-01
6.994280219078063965e-01
6.946801543235778809e-01
6.848515868186950684e-01
6.995298862457275391e-01
6.994846463203430176e-01
6.845208406448364258e-01
6.744232773780822754e-01
6.896672844886779785e-01
6.898124217987060547e-01
6.947361230850219727e-01
6.797000169754028320e-01
6.994475722312927246e-01
6.796189546585083008e-01
7.044034600257873535e-01
6.946540474891662598e-01
7.048081755638122559e-01
6.947733163833618164e-01
6.805456280708312988e-01
7.046714425086975098e-01
6.845067143440246582e-01
6.895530819892883301e-01
6.999287605285644531e-01
6.592347621917724609e-01
6.995675563812255859e-01
6.896010637283325195e-01
6.840445399284362793e-01
6.740763187408447266e-01
6.947278380393981934e-01
6.792542934417724609e-01
6.948658227920532227e-01
7.001397609710693359e-01
6.842753291130065918e-01
6.895479559898376465e-01
6.947746872901916504e-01
7.162302732467651367e-01
6.948280930519104004e-01
6.895505189895629883e-01
6.790829300880432129e-01
6.896092891693115234e-01
6.947436332702636719e-01
6.947174668312072754e-01
6.999157071113586426e-01
6.895447969436645508e-01
6.692475676536560059e-01
6.947593688964843750e-01
6.790909767150878906e-01
7.053085565567016602e-01
6.734545230865478516e-01
6.692809462547302246e-01
6.999032497406005859e-01
6.896508932113647461e-01
7.100672125816345215e-01
6.845917701721191406e-01
6.896502971649169922e-01
6.843532919883728027e-01
6.844924688339233398e-01
6.844057440757751465e-01
7.051895856857299805e-01
6.688049435615539551e-01
7.103974819183349609e-01
6.896219253540039062e-01
7.103341817855834961e-01
6.948398947715759277e-01
6.999808549880981445e-01
7.000364661216735840e-01
6.792410612106323242e-01
7.158262729644775391e-01
6.895449757575988770e-01
6.790962815284729004e-01
6.790564060211181641e-01
6.844022274017333984e-01
6.844254136085510254e-01
7.057618498802185059e-01
6.686254143714904785e-01
6.947673559188842773e-01
6.948040127754211426e-01
6.997507214546203613e-01
6.948176026344299316e-01
6.895431876182556152e-01
